   1512	    723		   1437	    643		   1047	    551		   1123	    616		   1175	    622		   1209	    643		   1302	    617		   1464	    675	
   1502	    808		   1443	    832		   1307	    627		   1189	    665		   1279	    634		   1264	    997		   1457	    677		   1530	    680	
   1580	    889		   1126	    595		   1024	    574		   1397	    567		   1207	    597		   1290	    572		   1499	    642		   1507	    598	
   1620	    786		   1214	    617		   1182	    601		   1202	    542		   1143	    553		   1289	    559		   1398	    634		   1554	    605	
   1590	    832		   1296	    620		   1011	    524		   1228	    617		   1264	    635		   1233	    646		   1465	    662		   1643	    631	
   1538	    934		   1598	    767		   1277	    651		   1312	    645		   1333	    609		   1297	    648		   1537	    958		   1493	    669	
   1586	    754		   1212	    592		   1099	    555		   1364	    599		   1343	    582		   1306	    650		   1499	    638		   1635	    655	
   1693	    668		   1125	    659		   1416	    603		   1462	    630		   1246	    524		   1298	    547		   1473	    656		   1393	    911	
   1291	    794		   1368	    662		   1234	    633		   1301	    627		   1334	    616		   1328	    634		   1476	    640		   1726	    645	
   1414	    734		   1404	    744		   1326	    645		   1401	    629		   1396	    763		   1307	    695		   1530	    653		   1558	    671	
   1503	    772		   1182	    673		   1120	    531		   1482	    602		   1465	    676		   1440	    608		   1637	    657		   1809	    659	
   1616	    892		   1265	    633		   1274	    677		   1521	    593		   1382	    553		   1397	    554		   1545	    662		   1572	    548	
   1537	    821		   1504	    689		   1694	    504		   1484	    637		   1439	    615		   1313	    567		   1582	    725		   1734	    663	
   1472	    759		   1718	    803		   1239	    605		   1575	    641		   1458	    636		   1360	    659		   1667	    654		   1763	    666	
   1645	    792		   1436	    669		   1154	    526		   1800	    633		   1449	    597		   1493	    610		   1695	    671		   1850	    649	
   1728	    933		   1372	    669		   1418	    713		   1540	    563		   1348	    609		   1457	    566		   1547	    668		   1750	    601	
   1380	    672		   1298	    710		   1273	    648		   1158	    669		   1834	    618		   1510	    666		   1558	    709		   1650	    661	
   1357	    726		   1352	    822		   1341	    674		   1215	    716		   1738	    641		   1448	    660		   1763	    716		   1976	    689	
   1301	    794		   1202	    749		   1199	    527		   1314	    614		   1965	    589		   1765	    619		   1691	    661		   1712	    636	
   1651	    778		   1094	    721		   1254	    608		   1191	    543		   1686	    588		   1594	    616		   1619	    631		   1649	    586	
   1567	    826		   1279	    662		   1141	    572		   1202	    518		   1834	    648		   1613	    676		   1875	    726		   1804	    752	
   1497	    818		   1471	    818		   1278	    539		   1280	    650		   2044	    620		   1610	    686		   1732	    726		   2001	    724	
   1349	    846		   1135	    719		   1224	    523		   1363	    613		   1961	    635		   1880	    665		   1869	    752		   1695	    741	
   1548	    793		   1282	    620		   1353	    483		   1237	    553		   1821	    584		   1743	    601		   1653	    706		   1995	    653	
   1409	    854		   1625	    609		   1116	    657		   1490	    603		   1139	    628		   2014	    734		   1960	    737		   2383	    683	
   1343	    722		   1851	    808		   1248	    728		   1373	    642		   1325	    614		   2414	   1020		   2515	    844		   1898	    688	
   1342	    922		   1349	    605		   1129	    572		   1783	    603		   1325	    604		   2240	    977		   2341	    752		   2215	    803	
   1412	    738		   1413	    707		   1174	    621		   1360	    583		   1131	    534		   2291	    990		   2168	    859		   2196	   1306	
   1492	    757		   1315	    630		   1066	    543		   1575	    614		   1212	    598		   2203	    742		   2233	    737		   2589	    692	
   1521	    865		   1268	    692		   1276	    653		   1425	    623		   1320	    604		   2690	   1030		   2706	    895		   2727	    763	
   1562	    817		   1141	    511		   1362	    638		   1636	    604		   1251	    589		   2179	    900		   2638	    799		   2885	    990	
   1627	    895		   1187	    590		   1298	    662		   1618	    581		   1202	    710		   2615	   1001		   2707	    896		   2198	    910	
   1564	    879		   1375	    708		   1117	    585		   1109	    640		   1391	    605		   1183	    654		   2296	    765		   2375	    710	
   1518	    819		   1550	    691		   1251	    708		   1176	    605		   1390	    525		   1226	    631		   2522	    864		   2650	    822	
   1515	    738		   1286	    563		   1051	    575		   1152	    579		   1434	    708		   1241	    572		   2664	    764		   3190	    794	
   1578	    798		   1191	    717		   1218	    667		   1136	    553		   1328	    599		   1263	    522		   2571	    943		   3118	    890	
   1579	    806		   1316	    627		   1198	    583		   1176	    574		   1459	    662		   1253	    604		   2656	    871		   2686	    739	
   1740	    798		   1489	    618		   1298	    542		   1183	    601		   1523	    599		   1320	    600		   2638	    911		   2761	    759	
   1598	    920		   1201	    521		   1099	    572		   1232	    604		   1572	    587		   1297	    644		   2576	    778		   2963	    853	
   1688	    668		   1242	    624		   2325	    581		   1208	    630		   1660	    549		   1293	    564		   3158	    979		   3142	    865	
   	   		   1292	    700		   1065	    613		   1337	    610		   1912	    638		   1321	    613		   1398	    643		   4043	    773	
   	   		   1533	    722		   1277	    695		   1359	    615		   1765	    619		   1358	    609		   1687	    661		   3948	    788	
   	   		   1179	    619		   1121	    561		   1283	    656		   2099	    616		   1385	    602		   1552	    575		   4756	    744	
   	   		   1196	    726		   1150	    605		   1402	    584		   1636	    569		   1406	    557		   1441	    600		   2960	    898	
   	   		   1359	    672		   1145	    611		   1387	    615		   2001	    658		   1361	    624		   1487	    657		   4000	    718	
   	   		   1480	    755		   1240	    611		   1513	    600		   2010	    586		   1379	    613		   1473	    640		   5615	    836	
   	   		   1225	    587		   1185	    498		   1516	    587		   2031	    547		   1463	    597		   1606	    674		   4138	    764	
   	   		   1169	    702		   1259	    540		   1527	    578		   2252	    575		   1441	    563		   1379	    625		   2753	    973	
   	   		   1393	    669		   1105	    597		   1126	    675		   1153	    860		   1456	    637		   1667	    621		   1371	    652	
   	   		   1464	    752		   1306	    672		   1180	    698		   1162	    700		   1552	    715		   1799	    657		   1541	    631	
   	   		   1124	    558		   1102	    483		   1193	    606		   1236	    545		   1610	    636		   1816	    616		   1555	    627	
   	   		   1332	    705		   1266	    636		   1148	    559		   1083	    682		   1515	    556		   1583	    591		   1457	    651	
   	   		   1213	    643		   1170	    506		   1203	    638		   1225	    655		   1619	    702		   1772	    622		   1577	    690	
   	   		   1402	    677		   1312	    560		   1241	    596		   1273	    654		   1673	    655		   1823	    678		   1596	    601	
   	   		   1126	    624		   1163	    531		   1233	    598		   1423	    622		   1742	    654		   1950	    660		   1599	    664	
   	   		   1201	    639		   1388	    644		   1354	    754		   1160	    559		   1703	    545		   1848	    606		   1462	    591	
   	   		   1264	    690		   1170	    701		   1288	    640		   1268	    645		   2048	    798		   1830	    662		   1612	    656	
   	   		   1323	    765		   1449	    665		   1531	    603		   1242	    586		   2260	   1053		   1831	    653		   1663	    633	
   	   		   1182	    704		   1080	    580		   1479	    603		   1496	    615		   2009	    763		   2113	    691		   1607	    622	
   	   		   1327	    686		   1293	    556		   1336	    500		   1352	    585		   2176	    843		   2022	    586		   1636	    775	
   	   		   1327	    654		   1174	    815		   1482	    667		   1534	    641		   2062	    766		   1987	    754		   1712	    645	
   	   		   1491	    628		   1280	    640		   1615	    612		   1529	    626		   2347	    987		   1875	    751		   1641	    646	
   	   		   1180	    652		   1207	    584		   1537	    603		   1566	    625		   1909	    745		   2306	    734		   1554	    647	
   	   		   1055	    707		   1403	    659		   1508	    540		   1464	    590		   2263	    875		   1836	    629		   1671	    609	
   	   		   1220	    643		   1044	    644		   1154	    772		   1873	    680		   1148	    629		   3071	    740		   1894	    670	
   	   		   1556	    717		   1091	    669		   1246	    667		   1804	    652		   1246	    609		   2236	    921		   1743	    741	
   	   		   1254	    673		   1140	    572		   1230	    616		   1742	    699		   1217	    639		   2717	    853		   1906	    691	
   	   		   1324	    587		   1169	    616		   1076	    558		   1446	    582		   1238	    629		   2408	    772		   1796	    628	
   	   		   1370	    673		   1135	    626		   1187	    618		   1720	    652		   1261	    633		   3000	    710		   1934	    704	
   	   		   1517	    743		   1170	    565		   1216	    565		   1609	    617		   1257	    605		   3184	    859		   1837	    808	
   	   		   1195	    653		   1156	    581		   1323	    611		   1872	    684		   1257	    607		   2393	    892		   1882	    803	
   	   		   1147	    652		   1273	    645		   1274	    583		   1685	    565		   1182	    542		   3245	    788		   1883	    662	
   	   		   1460	    643		   1150	    678		   1335	    652		   1228	    687		   1319	    650		   2984	    731		   1869	    917	
   	   		   1606	    892		   1244	    733		   1438	    647		   1160	    707		   1387	    592		   3197	    887		   2557	    786	
   	   		   1317	    605		   1187	    596		   1443	    615		   1250	    546		   1336	    629		   3308	    871		   2492	    765	
   	   		   1364	    718		   1298	    646		   1374	    617		   1247	    570		   1259	    568		   4915	    785		   2523	    751	
   	   		   1385	    683		   1219	    662		   1431	    641		   1299	    618		   1341	    612		   2915	    792		   3232	    803	
   	   		   1647	    773		   1185	    625		   1568	    633		   1302	    542		   1382	    666		   2990	    897		   2584	    797	
   	   		   1104	    684		   1412	    572		   1587	    627		   1279	    611		   1474	    604		   6034	    633		   2707	    720	
   	   		   1222	    599		   1410	    650		   1470	    689		   1194	   1064		   1303	    586		   2805	    776		   2627	    786	
   	   		   	   		   1069	    583		   1132	    665		   1452	    649		   1441	    632		   1227	    633		   2511	    762	
   	   		   	   		   1209	    656		   1136	    730		   1459	    638		   1463	    618		   1301	    614		   2902	    800	
   	   		   	   		   1099	    568		   1169	    564		   1395	    605		   1589	    628		   1324	    536		   2752	    720	
   	   		   	   		   1167	    590		   1223	    571		   1331	    605		   1400	    559		   1237	    531		   2816	    784	
   	   		   	   		   1080	    540		   1369	    624		   1527	    718		   1526	    677		   1320	    642		   2807	    791	
   	   		   	   		   1259	    621		   1191	    617		   1699	    659		   1623	    666		   1353	    614		   3117	    801	
   	   		   	   		   1273	    559		   1196	    609		   1462	    622		   1621	    639		   1388	    632		   2624	    745	
   	   		   	   		   1372	    578		   1279	    554		   1710	    611		   1460	    589		   1355	    666		   2861	    723	
   	   		   	   		   1079	    627		   1495	    615		   1712	    721		   1995	    829		   1411	    585		   2761	    932	
   	   		   	   		   1294	    918		   1310	    597		   1733	    655		   2187	    839		   1395	    622		   2656	   1086	
   	   		   	   		   1123	    535		   1386	    625		   1638	    605		   2191	    965		   1462	    626		   2402	    784	
   	   		   	   		   1246	    585		   1312	    560		   1450	    600		   2317	    788		   1320	    593		   2083	    795	
   	   		   	   		   1104	    549		   1403	    641		   2000	    660		   1942	    815		   1420	    632		   4029	    846	
   	   		   	   		   1358	    628		   1444	    559		   1720	    678		   2377	    719		   1520	    615		   3162	    917	
   	   		   	   		   1146	    545		   1502	    646		   1842	    646		   2125	    917		   1422	    755		   2294	    797	
   	   		   	   		   1353	    612		   1503	    577		   1626	    607		   2387	    853		   1483	    618		   4511	    726	
   	   		   	   		   1110	    682		   1111	    651		   1185	    645		   1227	    582		   1497	    653		   1401	    657	
   	   		   	   		   1338	    698		   1199	    634		   1268	    664		   1297	    621		   1599	    669		   1582	    737	
   	   		   	   		   1064	    598		   1148	    595		   1301	    590		   1293	    582		   1539	    666		   1638	    783	
   	   		   	   		   1127	    687		   1085	    563		   1196	    517		   1364	    539		   1511	    559		   1487	    602	
   	   		   	   		   1180	    672		   1211	    608		   1362	    533		   1340	    617		   1655	    717		   1549	    577	
   	   		   	   		   1314	    654		   1209	    599		   1336	    633		   1374	    614		   1806	    681		   1513	    697	
   	   		   	   		   1257	    572		   1216	    543		   1419	    617		   1318	    600		   1670	    769		   1617	   1091	
   	   		   	   		   1120	    606		   1153	    559		   1302	    534		   1360	    559		   1585	    642		   1481	    686	
   	   		   	   		   1205	    663		   1282	    594		   1522	    606		   1401	    611		   1996	    802		   1616	    671	
   	   		   	   		   1316	    670		   1416	    615		   1502	    727		   1443	    695		   2030	    818		   1538	    630	
   	   		   	   		   1075	    554		   1283	    585		   1639	    597		   1415	    645		   1915	    822		   1663	    698	
   	   		   	   		   1160	    596		   1234	    556		   1643	    571		   1460	    548		   1919	    844		   1555	    562	
   	   		   	   		   1203	    604		   1413	    619		   1417	    625		   1405	    625		   2081	    758		   1604	    647	
   	   		   	   		   1250	    611		   1503	    627		   1671	    618		   1482	    785		   2278	    917		   1641	    673	
   	   		   	   		   1165	    549		   1481	    608		   1644	    664		   1517	    641		   2111	    822		   1519	    713	
   	   		   	   		   1564	    613		   1418	    598		   1429	    567		   1528	    633		   2063	    840		   1700	    578	
   	   		   	   		   1216	    620		   1132	    713		   1512	    631		   1601	    633		   2218	    804		   1671	    646	
   	   		   	   		   1425	    815		   1232	    649		   1616	    651		   1693	    623		   2158	    894		   1654	    662	
   	   		   	   		   1143	    538		   1205	    591		   1886	    642		   1694	    670		   2176	    841		   1739	    670	
   	   		   	   		   1189	    670		   1118	    557		   1688	    568		   1640	    621		   2084	    883		   1961	    598	
   	   		   	   		   1187	    631		   1198	    611		   1645	    625		   1703	   1606		   2223	    758		   1750	    707	
   	   		   	   		   1324	    734		   1304	    578		   2144	    691		   1751	    688		   2132	    817		   1772	    696	
   	   		   	   		   1229	    502		   1317	    623		   1939	    579		   1729	    698		   1997	    848		   1999	    703	
   	   		   	   		   1372	    648		   1206	    614		   1672	    575		   1890	    681		   2077	    756		   2015	    650	
   	   		   	   		   1262	    658		   1259	    615		   1164	    623		   2321	    763		   1270	    625		   2028	    733	
   	   		   	   		   1390	    747		   1516	    631		   1324	    639		   2752	    904		   1429	    656		   2458	    912	
   	   		   	   		   1050	    620		   1507	    645		   1304	    542		   2229	    966		   1443	    628		   2672	    862	
   	   		   	   		   1139	    636		   1274	    554		   1177	    573		   2411	    983		   1335	    538		   2500	    733	
   	   		   	   		   1142	    593		   1459	    647		   1383	    612		   2176	    716		   1455	    635		   2169	    748	
   	   		   	   		   1227	    637		   1625	    595		   1400	    612		   2391	    937		   1510	    632		   2530	    843	
   	   		   	   		   1181	    523		   1675	    611		   1338	    601		   2346	    950		   1534	    576		   2850	    780	
   	   		   	   		   1303	    482		   1497	    569		   1371	    538		   2387	   1069		   1400	    649		   2533	    675	
   	   		   	   		   1117	    673		   1118	    687		   1464	    618		   1213	    636		   1519	    653		   2321	    758	
   	   		   	   		   1569	    727		   1368	    729		   1427	    621		   1336	    641		   1503	    648		   2912	    867	
   	   		   	   		   1093	    580		   1205	    600		   1548	    623		   1270	    553		   1492	    632		   2859	    785	
   	   		   	   		   1216	    502		   1268	    535		   1403	    579		   1159	    575		   1484	    543		   3164	    767	
   	   		   	   		   1115	    608		   1260	    610		   1538	    611		   1324	    683		   1633	    636		   2206	    782	
   	   		   	   		   1218	    647		   1515	    612		   1671	    628		   1349	    617		   1462	    630		   3056	   1041	
   	   		   	   		   1114	    611		   1284	    612		   1577	    616		   1402	    600		   1745	    632		   3592	   1005	
   	   		   	   		   1345	    679		   1275	    577		   1624	    574		   1173	    562		   1649	    545		   3156	    783	
   	   		   	   		   1247	    708		   1389	    643		   1630	    630		   1306	    657		   1679	    683		   2694	    803	
   	   		   	   		   1409	    679		   1568	    627		   1879	    760		   1339	    654		   1854	    675		   4294	    938	
   	   		   	   		   1100	    598		   1458	    623		   1991	    637		   1363	    614		   1876	    681		   3230	    886	
   	   		   	   		   1173	    652		   1519	    580		   1896	    588		   1213	    559		   1734	    556		   3152	    717	
   	   		   	   		   1173	    665		   1526	    649		   1672	    632		   1370	    617		   1736	    759		   2574	    849	
   	   		   	   		   1265	    593		   1692	    668		   1959	    625		   1536	    658		   1870	   1183		   3591	   1025	
   	   		   	   		   1204	    619		   1637	    629		   1948	    631		   1499	    607		   1960	    708		   5033	    915	
   	   		   	   		   1261	    632		   1649	    572		   1828	    602		   1322	    544		   1913	    785		   3092	    772	
   	   		   	   		   1192	    649		   1110	    614		   1234	    663		   1466	    633		   2099	    747		   1292	    941	
   	   		   	   		   1352	    695		   1279	    713		   1337	    682		   1702	    773		   2321	   1099		   1451	    668	
   	   		   	   		   1209	    935		   1165	    655		   1337	    655		   1633	    626		   2257	    763		   1326	    670	
   	   		   	   		   1281	    658		   1239	    580		   1260	    864		   1496	    605		   2310	    721		   1322	    558	
   	   		   	   		   1213	    640		   1215	    611		   1391	    755		   1557	    679		   2675	    708		   1518	    746	
   	   		   	   		   1258	    666		   1306	    594		   1402	    618		   1678	    606		   2413	    685		   1459	    704	
   	   		   	   		   1411	    554		   1229	    655		   1351	    639		   1812	    620		   2893	    785		   1540	    634	
   	   		   	   		   1544	    575		   1294	    578		   1354	    597		   1500	    662		   2423	    788		   1418	    694	
   	   		   	   		   1133	    596		   1291	    624		   1384	    666		   2169	    746		   2515	    749		   1469	    677	
   	   		   	   		   1308	    622		   1467	    610		   1439	    612		   2696	    774		   2602	    812		   1545	    798	
   	   		   	   		   1118	    557		   1353	    677		   1452	    644		   2145	    904		   2365	    809		   1473	    683	
   	   		   	   		   1178	    664		   1440	    568		   1526	   1591		   2585	    876		   2359	    780		   1401	    634	
   	   		   	   		   1109	    628		   1345	    656		   1584	    719		   2212	    740		   2735	    762		   1528	   1083	
   	   		   	   		   1348	    666		   1681	    658		   1682	    635		   2334	    812		   2199	    847		   1552	    692	
   	   		   	   		   1263	    557		   1473	    677		   1852	    668		   2099	    895		   2376	   1017		   1530	    660	
   	   		   	   		   1337	    632		   1647	    616		   1640	    638		   2687	    999		   2528	    789		   1510	    597	
   	   		   	   		   	   		   1103	    633		   1673	    676		   1199	    719		   1247	    684		   1670	    703	
   	   		   	   		   	   		   1204	    640		   2022	    572		   1295	    619		   1405	    662		   1761	    645	
   	   		   	   		   	   		   1160	    638		   1779	    617		   1268	    654		   1407	    589		   1680	    653	
   	   		   	   		   	   		   1210	    549		   1809	    647		   1182	    565		   1348	    616		   1838	    593	
   	   		   	   		   	   		   1171	    599		   1901	    672		   1327	    691		   1388	    672		   1755	    775	
   	   		   	   		   	   		   1225	    604		   1833	    666		   1289	    622		   1447	    652		   1743	    710	
   	   		   	   		   	   		   1230	    659		   2236	   1003		   1311	    646		   1469	    656		   1690	    746	
   	   		   	   		   	   		   1390	    972		   1858	    678		   1207	    597		   1495	    651		   1616	    628	
   	   		   	   		   	   		   1363	    571		   1161	    693		   1334	    640		   1426	    671		   1693	    702	
   	   		   	   		   	   		   1387	    599		   1221	    652		   1339	    650		   1442	    626		   2097	   1028	
   	   		   	   		   	   		   1347	    812		   1199	    596		   1360	    670		   1471	    618		   1990	    739	
   	   		   	   		   	   		   1517	    553		   1169	    522		   1234	    567		   1480	    593		   2144	    794	
   	   		   	   		   	   		   1603	    639		   1272	    561		   1376	    634		   1463	    653		   2006	    878	
   	   		   	   		   	   		   1480	    643		   1289	    615		   1452	    612		   1513	    667		   2429	    789	
   	   		   	   		   	   		   1605	    678		   1408	    596		   1495	    659		   1470	    768		   2253	    768	
   	   		   	   		   	   		   1792	    541		   1281	    554		   1344	    582		   1487	    699		   1918	   1140	
   	   		   	   		   	   		   1109	    627		   1278	    654		   1505	    636		   1660	    652		   2349	    691	
   	   		   	   		   	   		   1175	    607		   1616	    650		   1627	    695		   1626	    597		   2268	    863	
   	   		   	   		   	   		   1222	    625		   1426	    705		   1622	    686		   1653	    697		   2261	    764	
   	   		   	   		   	   		   1185	    604		   1524	    759		   1503	    614		   1613	    636		   2048	    744	
   	   		   	   		   	   		   1175	    596		   1445	    624		   1659	    620		   1655	    701		   2245	    693	
   	   		   	   		   	   		   1245	    537		   1596	    673		   1684	    752		   1831	    730		   2349	    911	
   	   		   	   		   	   		   1276	    633		   1456	    592		   1721	    728		   1757	    735		   2297	    779	
   	   		   	   		   	   		   1270	    550		   1538	    498		   1543	    650		   1785	    730		   2158	    800	
   	   		   	   		   	   		   1295	    601		   1915	    661		   1970	    738		   1929	    862		   1973	    726	
   	   		   	   		   	   		   1405	    609		   2107	    705		   2274	    890		   2281	    826		   2612	    892	
   	   		   	   		   	   		   1500	    657		   1632	    622		   2128	   1113		   2173	   1034		   2033	    789	
   	   		   	   		   	   		   1486	    577		   1672	    560		   2321	    974		   2064	    853		   2361	    754	
   	   		   	   		   	   		   1529	    621		   1768	    637		   2015	    808		   2298	    726		   2380	    703	
   	   		   	   		   	   		   1585	    629		   1783	    627		   2420	    906		   2615	    937		   2376	    851	
   	   		   	   		   	   		   1681	   1022		   1921	    633		   2354	    879		   2432	    910		   2119	    823	
   	   		   	   		   	   		   1639	    554		   1626	    564		   2539	    875		   2270	    791		   2301	    828	
   	   		   	   		   	   		   1141	    621		   1136	    653		   1213	    674		   2285	    753		   1358	    684	
   	   		   	   		   	   		   1127	    666		   1231	    645		   1256	    618		   2464	    863		   1506	    658	
   	   		   	   		   	   		   1203	    607		   1370	    560		   1263	    653		   2865	    922		   1364	    534	
   	   		   	   		   	   		   1098	    589		   1185	    486		   1296	    562		   2332	    761		   1404	    557	
   	   		   	   		   	   		   1302	    645		   1283	    601		   1263	    629		   2378	    766		   1483	    836	
   	   		   	   		   	   		   1191	    673		   1338	    557		   1275	    617		   2496	    898		   1599	    636	
   	   		   	   		   	   		   1302	    653		   1351	    629		   1344	    584		   2646	    966		   1555	    918	
   	   		   	   		   	   		   1318	    526		   1346	    538		   1343	    563		   2182	    943		   1454	    820	
   	   		   	   		   	   		   1213	    610		   1326	    631		   1311	    637		   1245	    701		   1428	    638	
   	   		   	   		   	   		   1249	    693		   1500	    643		   1321	    606		   1362	    631		   1664	    644	
   	   		   	   		   	   		   1321	    633		   1570	   1417		   1387	    599		   1411	    641		   1495	    650	
   	   		   	   		   	   		   1354	    572		   1370	    639		   1297	    588		   1343	    575		   1535	    607	
   	   		   	   		   	   		   1478	    637		   1597	    623		   1353	    652		   1462	    638		   1609	    672	
   	   		   	   		   	   		   1411	    691		   1589	    619		   1480	    645		   1416	    618		   1642	    783	
   	   		   	   		   	   		   1825	    802		   1786	    594		   1516	    609		   1422	    588		   1577	    619	
   	   		   	   		   	   		   1595	    593		   1657	    576		   1359	    586		   1376	    575		   1411	    581	
   	   		   	   		   	   		   1131	    625		   1597	    635		   1504	    656		   1491	    651		   1545	    666	
   	   		   	   		   	   		   1189	    653		   2023	    671		   1533	    655		   1452	    653		   1773	    657	
   	   		   	   		   	   		   1166	    604		   1987	    704		   1600	    597		   1428	    646		   1788	    608	
   	   		   	   		   	   		   1077	    605		   1749	    649		   1516	    578		   1447	    590		   1597	    728	
   	   		   	   		   	   		   1203	    592		   1737	    653		   1620	    738		   1490	    697		   1889	    719	
   	   		   	   		   	   		   1249	    613		   1942	    625		   1646	    846		   1538	    693		   1751	    819	
   	   		   	   		   	   		   1273	    653		   2078	    604		   1726	    692		   1506	    628		   1626	    670	
   	   		   	   		   	   		   1226	    580		   2067	    620		   1566	    652		   1509	    619		   1641	    646	
   	   		   	   		   	   		   1312	    629		   1148	    641		   2079	    672		   1544	    699		   1779	    695	
   	   		   	   		   	   		   1460	    615		   1347	    645		   2170	    874		   1631	    683		   2244	    779	
   	   		   	   		   	   		   1337	    613		   1292	    552		   2199	    917		   1539	    669		   2194	    787	
   	   		   	   		   	   		   1342	    616		   1185	    586		   2048	   1015		   1640	    622		   2036	    781	
   	   		   	   		   	   		   1513	    628		   1204	    624		   2223	    780		   1734	    778		   2012	    739	
   	   		   	   		   	   		   1619	    646		   1308	    602		   2205	    887		   1810	    720		   2686	    794	
   	   		   	   		   	   		   1817	    681		   1330	    586		   2236	    916		   1615	    730		   2845	    936	
   	   		   	   		   	   		   1502	    611		   1320	    569		   2229	    918		   1670	    682		   2646	    743	
   	   		   	   		   	   		   1149	    625		   1299	    603		   1221	    681		   1919	    682		   1966	    796	
   	   		   	   		   	   		   1257	    640		   1525	    595		   1283	    610		   2066	    817		   3095	    829	
   	   		   	   		   	   		   1295	    639		   1546	    632		   1280	    622		   2100	    900		   2522	   1033	
   	   		   	   		   	   		   1264	    708		   1368	    577		   1185	    559		   1886	    877		   2549	    794	
   	   		   	   		   	   		   1233	    633		   1447	    720		   1317	    617		   2120	    726		   2801	    715	
   	   		   	   		   	   		   1296	    574		   1559	    616		   1261	    929		   2208	    839		   3403	   1157	
   	   		   	   		   	   		   1481	    644		   1710	    627		   1388	    714		   2149	    858		   2342	    815	
   	   		   	   		   	   		   1365	    590		   1596	    599		   1212	    653		   2303	    879		   2302	    812	
   	   		   	   		   	   		   1363	    681		   1574	    621		   1359	    603		   2347	    756		   2195	    774	
   	   		   	   		   	   		   1403	    609		   1779	    660		   1306	    609		   2462	    925		   2951	   1081	
   	   		   	   		   	   		   1645	    677		   1766	    644		   1376	    612		   2096	    831		   2756	    837	
   	   		   	   		   	   		   1425	    562		   1696	    611		   1253	    577		   2074	    857		   2930	    861	
   	   		   	   		   	   		   1452	    876		   1756	    631		   1421	    635		   2222	    741		   2139	    804	
   	   		   	   		   	   		   1582	    537		   2171	    607		   1403	    640		   2538	    855		   3011	    865	
   	   		   	   		   	   		   1660	    691		   1886	    558		   1437	    608		   1992	   1264		   2380	    838	
   	   		   	   		   	   		   1694	    658		   1785	    631		   1317	    561		   2496	    842		   3268	    872	
   	   		   	   		   	   		   1098	    670		   1138	    643		   1567	    646		   1348	    638		   1343	    666	
   	   		   	   		   	   		   1226	    748		   1233	    632		   1556	    635		   1417	    719		   1578	    607	
   	   		   	   		   	   		   1127	    609		   1289	    652		   1657	    626		   1428	    618		   1564	    639	
   	   		   	   		   	   		   1161	    531		   1169	    716		   1456	    571		   1275	    529		   1482	    649	
   	   		   	   		   	   		   1179	    612		   1208	    568		   1643	    679		   1416	    946		   1646	    715	
   	   		   	   		   	   		   1302	    701		   1313	    532		   1646	    672		   1603	    627		   1573	    639	
   	   		   	   		   	   		   1258	    591		   1397	    609		   1747	    664		   1452	    611		   1614	    674	
   	   		   	   		   	   		   1251	    952		   1266	    548		   1599	    700		   1494	    624		   1484	    623	
   	   		   	   		   	   		   1274	    627		   1345	    598		   2006	    762		   1528	    624		   1623	    667	
   	   		   	   		   	   		   1434	    668		   1468	    660		   2317	    999		   1507	    625		   1641	    708	
   	   		   	   		   	   		   1308	    636		   1571	    595		   2218	    926		   1572	    636		   1503	    661	
   	   		   	   		   	   		   1503	    552		   1382	    578		   2348	    951		   1449	    553		   1544	    761	
   	   		   	   		   	   		   1390	    645		   1439	    623		   2167	    796		   2302	    619		   1615	    671	
   	   		   	   		   	   		   1675	    625		   1566	    614		   2324	    963		   1751	    623		   1677	    636	
   	   		   	   		   	   		   1459	    663		   1729	    630		   2259	    856		   1601	    617		   1728	    639	
   	   		   	   		   	   		   1567	    559		   1581	    496		   2283	    953		   1498	    585		   1485	    761	
   	   		   	   		   	   		   1112	    672		   1652	    639		   1196	    649		   1709	    659		   1813	    645	
   	   		   	   		   	   		   1172	    709		   1765	    635		   1303	    596		   1702	    667		   1737	    647	
   	   		   	   		   	   		   1168	    621		   1912	    627		   1287	    584		   1739	    768		   1717	    687	
   	   		   	   		   	   		   1161	    513		   1934	    553		   1197	    500		   1649	    567		   1646	    650	
   	   		   	   		   	   		   1185	    643		   1650	    611		   1302	    663		   1606	    705		   1736	    751	
   	   		   	   		   	   		   1280	    605		   2060	    570		   1367	    589		   1994	    703		   1921	    744	
   	   		   	   		   	   		   1263	    637		   1939	    654		   1339	    595		   1730	    676		   1865	    741	
   	   		   	   		   	   		   1222	    538		   1914	    568		   1205	    546		   1606	    609		   1774	    700	
   	   		   	   		   	   		   1274	    611		   1174	    690		   1339	    602		   1868	    713		   2063	    696	
   	   		   	   		   	   		   1355	    554		   1223	    619		   1368	    609		   2619	    722		   2279	    817	
   	   		   	   		   	   		   1449	    626		   1212	    582		   1390	    643		   2195	    733		   2339	    770	
   	   		   	   		   	   		   1320	    532		   1176	    515		   1260	    547		   2660	    835		   2007	    750	
   	   		   	   		   	   		   1459	    641		   1346	    604		   1467	    633		   2182	    719		   2237	    726	
   	   		   	   		   	   		   1675	    600		   1322	    589		   1484	    655		   2489	    762		   2779	    794	
   	   		   	   		   	   		   1793	    597		   1270	    585		   1481	    605		   2394	    772		   2544	    825	
   	   		   	   		   	   		   1551	    553		   1272	    558		   1397	    569		   2178	    750		   2620	    850	
   	   		   	   		   	   		   1079	    626		   1318	    607		   1519	    642		   2174	    712		   2276	    802	
   	   		   	   		   	   		   1249	    697		   1349	    597		   1596	    588		   3354	    801		   2430	    872	
   	   		   	   		   	   		   1291	    630		   1484	    610		   1666	    627		   2677	    786		   2756	    779	
   	   		   	   		   	   		   1147	    566		   1315	    536		   1481	    592		   2752	   1015		   2458	    763	
   	   		   	   		   	   		   1182	    655		   1495	    633		   1573	    701		   3390	    737		   2416	    727	
   	   		   	   		   	   		   1305	    624		   1549	    611		   1719	    662		   3590	    824		   2335	    837	
   	   		   	   		   	   		   1333	    648		   1522	    603		   1862	    655		   2497	    804		   2605	    854	
   	   		   	   		   	   		   1248	    586		   1551	    560		   1541	    582		   2516	    738		   2690	    835	
   	   		   	   		   	   		   1315	    615		   1646	    635		   2006	    715		   1306	    633		   2555	    745	
   	   		   	   		   	   		   1557	    617		   1710	    600		   2359	    944		   1420	    600		   5733	    917	
   	   		   	   		   	   		   1456	    638		   1835	    638		   1944	    847		   1485	    608		   3055	    804	
   	   		   	   		   	   		   1294	    541		   1768	    563		   2249	    831		   1439	    564		   2765	    829	
   	   		   	   		   	   		   1381	    623		   2078	    625		   2093	    815		   1517	    762		   2741	    806	
   	   		   	   		   	   		   1720	    642		   2084	    634		   2428	    814		   1554	    638		   2662	    901	
   	   		   	   		   	   		   1657	    695		   1933	    607		   2037	    910		   1502	    606		   3948	    893	
   	   		   	   		   	   		   1463	    588		   1881	    624		   2226	    851		   1373	    579		   2251	    838	
   	   		   	   		   	   		   1100	    632		   1157	    671		   1196	    655		   1590	    625		   1331	    641	
   	   		   	   		   	   		   1195	    633		   1174	    639		   1240	    737		   1554	    627		   1429	    624	
   	   		   	   		   	   		   1164	    606		   1273	    578		   1244	    573		   1578	    603		   1577	    642	
   	   		   	   		   	   		   1110	    540		   1135	    571		   1140	    554		   1503	    681		   1367	   1080	
   	   		   	   		   	   		   1204	    589		   1302	    635		   1365	    608		   1624	    619		   1506	    593	
   	   		   	   		   	   		   1235	    588		   1231	    600		   1294	    649		   1677	    607		   1530	    597	
   	   		   	   		   	   		   1293	    621		   1338	    565		   1291	    613		   1671	    625		   1487	    650	
   	   		   	   		   	   		   1215	    570		   1236	    559		   1183	    535		   1647	    555		   1454	    653	
   	   		   	   		   	   		   1318	    598		   1362	    685		   1356	    633		   1716	    813		   1447	    644	
   	   		   	   		   	   		   1410	    585		   1300	    600		   1346	    622		   1814	    620		   1611	    650	
   	   		   	   		   	   		   1531	    670		   1587	    492		   1359	    607		   1822	    647		   1606	    617	
   	   		   	   		   	   		   1411	    851		   1360	    547		   1203	    578		   1766	    636		   1501	    598	
   	   		   	   		   	   		   1556	    676		   1405	    716		   1374	    650		   1900	    712		   1561	   1362	
   	   		   	   		   	   		   1663	    609		   1375	    606		   1417	    617		   2122	    667		   1613	    614	
   	   		   	   		   	   		   1597	    684		   1654	    618		   1407	    613		   2039	    722		   1677	    662	
   	   		   	   		   	   		   1506	    580		   1577	    562		   1264	    558		   1912	    621		   1492	    653	
   	   		   	   		   	   		   1128	    637		   1690	    655		   1525	    672		   2332	    863		   1742	    700	
   	   		   	   		   	   		   1168	    607		   1839	    631		   1510	    628		   2606	    742		   1672	    633	
   	   		   	   		   	   		   1201	    578		   1789	    629		   1608	    654		   2636	    715		   1620	    660	
   	   		   	   		   	   		   1129	    598		   1805	    579		   1517	    604		   2454	    734		   1534	    612	
   	   		   	   		   	   		   1209	    588		   1684	    700		   1578	    693		   2416	    723		   1641	    724	
   	   		   	   		   	   		   1252	    662		   1635	    583		   1693	    709		   2761	    770		   1685	    687	
   	   		   	   		   	   		   1443	    575		   1887	    572		   1990	    650		   3078	    718		   1877	    717	
   	   		   	   		   	   		   1241	    658		   1673	    566		   1510	    597		   2664	    717		   1639	    632	
   	   		   	   		   	   		   1272	    574		   1162	    704		   2110	    690		   2179	    780		   1981	    733	
   	   		   	   		   	   		   1442	    629		   1282	    668		   2590	    898		   3073	    907		   1921	    771	
   	   		   	   		   	   		   1486	    597		   1308	    675		   2243	   1011		   2808	    743		   1850	    717	
   	   		   	   		   	   		   1333	    709		   1162	    561		   2341	    939		   2265	    759		   1793	    747	
   	   		   	   		   	   		   1494	    627		   1219	    626		   2356	    690		   2520	    748		   1974	    906	
   	   		   	   		   	   		   1558	    637		   1267	    611		   2474	    903		   3166	    754		   2030	    785	
   	   		   	   		   	   		   1627	    632		   1281	    586		   2781	    925		   2714	    746		   2148	    966	
   	   		   	   		   	   		   1523	    651		   1274	    553		   2211	    845		   5199	    670		   1977	    810	
   	   		   	   		   	   		   	   		   1296	    597		   1128	    659		   1246	    640		   2438	    715	
   	   		   	   		   	   		   	   		   1425	    600		   1215	    609		   1462	    641		   2670	    876	
   	   		   	   		   	   		   	   		   1390	    600		   1210	   1239		   1407	    594		   2186	    847	
   	   		   	   		   	   		   	   		   1432	    555		   1125	    535		   1326	    494		   2657	    765	
   	   		   	   		   	   		   	   		   1530	    634		   1261	    633		   1469	    636		   2282	    742	
   	   		   	   		   	   		   	   		   1484	    629		   1273	    588		   1363	    614		   2778	    808	
   	   		   	   		   	   		   	   		   1468	    575		   1255	    604		   1515	    605		   1973	    781	
   	   		   	   		   	   		   	   		   1356	    569		   1199	   1346		   1371	    576		   2522	    752	
   	   		   	   		   	   		   	   		   1592	    630		   1294	    634		   1450	    655		   2357	    817	
   	   		   	   		   	   		   	   		   1685	    616		   1311	    611		   1479	    710		   2503	    816	
   	   		   	   		   	   		   	   		   1578	    624		   1280	    641		   1481	    632		   2197	    825	
   	   		   	   		   	   		   	   		   1498	    583		   1241	    524		   1459	    574		   2892	    860	
   	   		   	   		   	   		   	   		   2017	    635		   1417	    718		   1511	    653		   2562	    778	
   	   		   	   		   	   		   	   		   1766	    594		   1431	    612		   1530	    629		   2128	   1054	
   	   		   	   		   	   		   	   		   1766	    625		   1411	    675		   1592	    619		   3416	    802	
   	   		   	   		   	   		   	   		   1654	    647		   1315	    560		   1486	    577		   3568	    725	
   	   		   	   		   	   		   	   		   1155	    660		   1514	    642		   1568	    665		   1303	    663	
   	   		   	   		   	   		   	   		   1249	    688		   1571	    632		   1691	    639		   1517	    818	
   	   		   	   		   	   		   	   		   1286	    600		   1511	    593		   1702	    640		   1537	    621	
   	   		   	   		   	   		   	   		   1219	    532		   1405	    579		   1658	    596		   1461	    610	
   	   		   	   		   	   		   	   		   1300	    623		   1549	    669		   1839	    876		   1435	    638	
   	   		   	   		   	   		   	   		   1455	    640		   1647	    684		   1927	    698		   1453	    689	
   	   		   	   		   	   		   	   		   1411	    616		   1581	    664		   1868	    697		   1461	    647	
   	   		   	   		   	   		   	   		   1357	    557		   1471	    650		   1824	    604		   1520	    649	
   	   		   	   		   	   		   	   		   1403	    664		   2065	    631		   2137	    820		   1462	    621	
   	   		   	   		   	   		   	   		   1410	    681		   2473	    984		   2480	    834		   1843	    658	
   	   		   	   		   	   		   	   		   1347	    606		   2218	    882		   2591	    798		   1495	    663	
   	   		   	   		   	   		   	   		   1454	    567		   2106	    938		   2117	    747		   1408	    599	
   	   		   	   		   	   		   	   		   1470	    646		   2311	    646		   2280	    826		   1609	    647	
   	   		   	   		   	   		   	   		   1671	    679		   2535	    827		   2494	    842		   1546	    810	
   	   		   	   		   	   		   	   		   1555	    645		   2248	    845		   2726	    849		   1722	    651	
   	   		   	   		   	   		   	   		   1453	    611		   2107	    938		   2594	    782		   1533	    607	
   	   		   	   		   	   		   	   		   1794	    636		   1184	    611		   2093	    802		   1608	    681	
   	   		   	   		   	   		   	   		   1835	    693		   1282	    621		   2513	    912		   1692	    657	
   	   		   	   		   	   		   	   		   1628	    730		   1237	    584		   2552	    786		   1692	    681	
   	   		   	   		   	   		   	   		   1848	    702		   1169	    553		   2725	    786		   1772	    686	
   	   		   	   		   	   		   	   		   1796	    647		   1274	    617		   2570	    719		   1764	    708	
   	   		   	   		   	   		   	   		   2004	    682		   1376	    596		   2895	    853		   1777	    725	
   	   		   	   		   	   		   	   		   1616	    593		   1360	    602		   2734	    743		   1791	    696	
   	   		   	   		   	   		   	   		   1884	    589		   1340	    537		   2728	    780		   1635	    667	
   	   		   	   		   	   		   	   		   1133	    633		   1342	    577		   1264	    755		   2081	    712	
   	   		   	   		   	   		   	   		   1203	    602		   1438	    603		   1347	    671		   2234	    781	
   	   		   	   		   	   		   	   		   1174	    613		   1338	    571		   1372	    612		   2066	   1554	
   	   		   	   		   	   		   	   		   1191	    559		   1259	    543		   1311	    535		   1872	    793	
   	   		   	   		   	   		   	   		   1315	    714		   1432	    579		   1372	    641		   2175	   2046	
   	   		   	   		   	   		   	   		   1306	    602		   1473	    632		   1389	    626		   2218	    857	
   	   		   	   		   	   		   	   		   1255	    757		   1411	    678		   1395	    633		   1854	   1027	
   	   		   	   		   	   		   	   		   1198	    606		   1437	    557		   1368	    588		   1906	    890	
   	   		   	   		   	   		   	   		   1350	    735		   1584	    627		   1414	    641		   2276	    725	
   	   		   	   		   	   		   	   		   1472	    586		   1636	    681		   1404	    631		   2250	    912	
   	   		   	   		   	   		   	   		   1322	    538		   1757	    743		   1413	    621		   2023	    877	
   	   		   	   		   	   		   	   		   1358	    593		   1581	    561		   1427	    752		   2099	    865	
   	   		   	   		   	   		   	   		   1400	    624		   1737	    758		   1475	    673		   2728	    835	
   	   		   	   		   	   		   	   		   1395	    602		   1883	    678		   1520	    639		   2656	    832	
   	   		   	   		   	   		   	   		   1496	    651		   1619	    742		   1586	    651		   2169	    902	
   	   		   	   		   	   		   	   		   1677	    572		   1897	    584		   1542	    645		   2815	    945	
   	   		   	   		   	   		   	   		   1496	    668		   1987	    811		   1632	    663		   2373	   1157	
   	   		   	   		   	   		   	   		   1524	    629		   2261	    820		   1582	    652		   3531	    917	
   	   		   	   		   	   		   	   		   1632	    633		   2469	    911		   1741	    633		   2220	    898	
   	   		   	   		   	   		   	   		   1732	    626		   2004	    828		   1740	    584		   2525	    938	
   	   		   	   		   	   		   	   		   1611	    674		   2221	    793		   1854	    697		   2663	    887	
   	   		   	   		   	   		   	   		   1631	    643		   2401	    802		   1705	    895		   2378	   1019	
   	   		   	   		   	   		   	   		   1964	    665		   2082	    913		   1740	    689		   3691	    857	
   	   		   	   		   	   		   	   		   1677	    645		   2279	    907		   1768	    605		      0	    960	
   	   		   	   		   	   		   	   		   1172	    628		   1271	    648		   1979	    736		   1399	    733	
   	   		   	   		   	   		   	   		   1330	    644		   1238	    628		   2256	    808		   1585	    643	
   	   		   	   		   	   		   	   		   1209	    636		   1224	    572		   2259	    741		   1562	    653	
   	   		   	   		   	   		   	   		   1198	    498		   1276	    536		   2303	    765		   1419	    554	
   	   		   	   		   	   		   	   		   1406	    644		   1314	    614		   2048	    713		   1661	    695	
   	   		   	   		   	   		   	   		   1318	    619		   1344	    636		   2268	    844		   1635	    665	
   	   		   	   		   	   		   	   		   1281	    610		   1329	    588		   2533	    767		   1664	    618	
   	   		   	   		   	   		   	   		   1279	    549		   1366	    605		   2393	    758		   1455	    587	
   	   		   	   		   	   		   	   		   1379	    631		   1368	    611		   1935	    689		   1597	    650	
   	   		   	   		   	   		   	   		   1402	    693		   1392	    635		   2587	    879		   1601	    654	
   	   		   	   		   	   		   	   		   1368	    594		   1422	    646		   2406	    820		   1694	    650	
   	   		   	   		   	   		   	   		   1526	    606		   1334	    565		   2466	    623		   1661	    611	
   	   		   	   		   	   		   	   		   1489	    685		   1436	    644		   2288	    830		   1807	    677	
   	   		   	   		   	   		   	   		   1662	    636		   1449	    592		   2493	   2039		   1667	    672	
   	   		   	   		   	   		   	   		   1601	    677		   1463	    623		   2461	    768		   1602	    686	
   	   		   	   		   	   		   	   		   1764	    588		   1472	    549		   2925	    966		   1595	    615	
   	   		   	   		   	   		   	   		   1850	    660		   1555	    696		   1347	    637		   1775	    662	
   	   		   	   		   	   		   	   		   1789	    651		   1579	    636		   1594	    677		   1889	    680	
   	   		   	   		   	   		   	   		   1596	    693		   1643	    611		   1590	    606		   1905	    656	
   	   		   	   		   	   		   	   		   1595	    673		   1580	    555		   1428	    586		   1789	    588	
   	   		   	   		   	   		   	   		   1997	    694		   1598	    663		   1575	    660		   1900	    726	
   	   		   	   		   	   		   	   		   2124	    761		   1805	    678		   1540	    632		   1931	    808	
   	   		   	   		   	   		   	   		   1928	    670		   1761	    660		   1533	    794		   1751	    719	
   	   		   	   		   	   		   	   		   1918	   1607		   1794	    629		   1467	    614		   1872	    735	
   	   		   	   		   	   		   	   		   1155	    608		   2077	    780		   1630	    607		   2112	    719	
   	   		   	   		   	   		   	   		   1097	    700		   2642	    901		   1713	    772		   2183	    876	
   	   		   	   		   	   		   	   		   1269	    624		   2427	    974		   1625	    623		   2398	    768	
   	   		   	   		   	   		   	   		   1168	    563		   2606	    844		   1768	    586		   2308	    819	
   	   		   	   		   	   		   	   		   1211	    585		   2083	    815		   1742	    630		   2057	    756	
   	   		   	   		   	   		   	   		   1184	    665		   2549	    965		   1554	    679		   2598	    920	
   	   		   	   		   	   		   	   		   1231	    670		   2776	   1006		   1773	    660		   2327	    767	
   	   		   	   		   	   		   	   		   1261	    661		   3327	    929		   1625	    611		   2582	    812	
   	   		   	   		   	   		   	   		   1332	    632		   1183	    623		   1864	    677		   2382	    730	
   	   		   	   		   	   		   	   		   1265	    722		   1233	    577		   1668	    626		   2705	    982	
   	   		   	   		   	   		   	   		   1389	    700		   1266	    561		   1672	    631		   2466	    725	
   	   		   	   		   	   		   	   		   1469	    571		   1255	    539		   1828	    625		   2719	    760	
   	   		   	   		   	   		   	   		   1473	    627		   1262	    665		   1887	    657		   2338	    836	
   	   		   	   		   	   		   	   		   1375	    658		   1278	    618		   1924	    677		   2531	   1060	
   	   		   	   		   	   		   	   		   1563	    659		   1419	    616		   2103	    689		   2742	   1866	
   	   		   	   		   	   		   	   		   1552	    643		   1285	    576		   1992	    753		   2871	   2896	
   	   		   	   		   	   		   	   		   1620	    641		   1345	    617		   2345	    697		   2773	   2668	
   	   		   	   		   	   		   	   		   1607	    662		   1336	    605		   2559	    834		   3738	   1035	
   	   		   	   		   	   		   	   		   1647	    717		   1454	    586		   2921	    735		   2989	    861	
   	   		   	   		   	   		   	   		   1849	    617		   1435	    595		   2663	    737		   2537	    846	
   	   		   	   		   	   		   	   		   2088	    827		   1422	    674		   2352	    747		   2018	    786	
   	   		   	   		   	   		   	   		   1704	    663		   1406	    620		   3083	    780		   3258	   1027	
   	   		   	   		   	   		   	   		   1797	    669		   1508	    623		   2605	    773		   2161	    787	
   	   		   	   		   	   		   	   		   1986	    585		   1667	    593		   2676	    754		   4355	    882	
   	   		   	   		   	   		   	   		   1175	    642		   1553	    731		   2158	    748		   1411	    638	
   	   		   	   		   	   		   	   		   1379	    608		   1530	    855		   2650	    857		   1491	    614	
   	   		   	   		   	   		   	   		   1266	    614		   1608	    617		   3044	    878		   1375	    570	
   	   		   	   		   	   		   	   		   1254	    511		   1621	    614		   3638	    844		   1570	    582	
   	   		   	   		   	   		   	   		   1299	    611		   1652	    676		   2773	    695		   1540	    633	
   	   		   	   		   	   		   	   		   1338	    606		   1693	    696		   2522	   1808		   1459	    672	
   	   		   	   		   	   		   	   		   1397	    611		   1677	    670		   3791	    716		   1490	    592	
   	   		   	   		   	   		   	   		   1405	    573		   1792	    620		   2909	    722		   1440	    582	
   	   		   	   		   	   		   	   		   1382	    780		   2033	    954		   1211	    676		   1678	    633	
   	   		   	   		   	   		   	   		   1600	    581		   2297	    861		   1384	    636		   1620	    606	
   	   		   	   		   	   		   	   		   1361	    613		   2665	    884		   1299	    605		   1584	    634	
   	   		   	   		   	   		   	   		   1423	    511		   2479	    942		   1329	    558		   1539	    717	
   	   		   	   		   	   		   	   		   1330	    601		   2196	    717		   1367	    818		   1704	    671	
   	   		   	   		   	   		   	   		   1608	    625		   2400	    958		   1368	    641		   1717	    641	
   	   		   	   		   	   		   	   		   1734	    587		   2890	    855		   1385	    641		   1711	    632	
   	   		   	   		   	   		   	   		   1604	    513		   2376	    852		   1336	    562		   1476	    698	
   	   		   	   		   	   		   	   		   1750	    632		   1197	    614		   1343	    623		   1562	    694	
   	   		   	   		   	   		   	   		   1685	    668		   1265	    598		   1423	    640		   1553	    639	
   	   		   	   		   	   		   	   		   1696	    703		   1326	    606		   1440	    688		   1678	    615	
   	   		   	   		   	   		   	   		   1700	    567		   1229	    549		   1323	    657		   1709	    585	
   	   		   	   		   	   		   	   		   1901	    576		   1308	    664		   1449	    721		   2012	    746	
   	   		   	   		   	   		   	   		   2107	    596		   1381	    614		   1465	    652		   1887	    908	
   	   		   	   		   	   		   	   		   1895	    667		   1290	    650		   1466	    599		   1820	    666	
   	   		   	   		   	   		   	   		   1996	    597		   1242	    554		   1468	    592		   1815	    617	
   	   		   	   		   	   		   	   		   1143	    657		   1368	    637		   1571	    672		   1886	    723	
   	   		   	   		   	   		   	   		   1352	    620		   1481	    640		   1549	    655		   2220	    864	
   	   		   	   		   	   		   	   		   1267	    611		   1346	    712		   1582	    606		   1924	    681	
   	   		   	   		   	   		   	   		   1225	    562		   1365	    565		   1768	    614		   2122	    783	
   	   		   	   		   	   		   	   		   1258	    630		   1481	    615		   1578	    681		   1859	    746	
   	   		   	   		   	   		   	   		   1365	    621		   1460	    611		   1691	    708		   2449	    799	
   	   		   	   		   	   		   	   		   1341	    578		   1451	    657		   1681	    652		   2658	    700	
   	   		   	   		   	   		   	   		   1318	    570		   1448	    555		   1625	    656		   2330	    757	
   	   		   	   		   	   		   	   		   1508	    701		   1597	    624		   1903	    763		   2303	    747	
   	   		   	   		   	   		   	   		   1496	    622		   1586	    627		   2074	    799		   3104	    771	
   	   		   	   		   	   		   	   		   1443	    631		   1666	    650		   2131	    747		   2638	    882	
   	   		   	   		   	   		   	   		   1447	    602		   1556	    579		   2178	    827		   2517	    822	
   	   		   	   		   	   		   	   		   1424	    685		   1672	    678		   2006	    697		   2069	    706	
   	   		   	   		   	   		   	   		   1764	    624		   1701	    703		   2045	    830		   2883	    815	
   	   		   	   		   	   		   	   		   1675	    608		   1594	    694		   2265	    693		   2625	    818	
   	   		   	   		   	   		   	   		   1523	    569		   1609	    613		   2140	    910		   2845	    677	
   	   		   	   		   	   		   	   		   1726	    635		   1999	    805		   2284	    699		   2929	    701	
   	   		   	   		   	   		   	   		   1922	    624		   2413	    949		   2303	    800		   2541	    823	
   	   		   	   		   	   		   	   		   2047	    623		   2349	    924		   2332	    763		   2950	    790	
   	   		   	   		   	   		   	   		   1662	    619		   2310	    948		   2428	    758		   2935	    795	
   	   		   	   		   	   		   	   		   1776	    586		   2016	    839		   1901	    725		   2318	    707	
   	   		   	   		   	   		   	   		   2057	    629		   2699	   1160		   3219	    875		   3899	    873	
   	   		   	   		   	   		   	   		   1997	    648		   2408	    887		   2433	    737		   2725	    676	
   	   		   	   		   	   		   	   		   1884	    565		   2195	    957		   2691	   1282		   2125	    854	
   	   		   	   		   	   		   	   		   	   		   1233	    624		   1244	    653		   1390	    655	
   	   		   	   		   	   		   	   		   	   		   1385	    632		   1464	    672		   1531	    697	
   	   		   	   		   	   		   	   		   	   		   1347	    605		   1374	    688		   1432	    601	
   	   		   	   		   	   		   	   		   	   		   1358	    614		   1202	    560		   1420	    571	
   	   		   	   		   	   		   	   		   	   		   1341	    601		   1491	    652		   1444	    646	
   	   		   	   		   	   		   	   		   	   		   1370	    624		   1409	    650		   1503	    684	
   	   		   	   		   	   		   	   		   	   		   1408	    606		   1400	    697		   1542	    635	
   	   		   	   		   	   		   	   		   	   		   1389	    594		   1291	    572		   1533	    588	
   	   		   	   		   	   		   	   		   	   		   1360	    598		   1415	    636		   1523	    627	
   	   		   	   		   	   		   	   		   	   		   1412	    661		   1455	    675		   1600	    661	
   	   		   	   		   	   		   	   		   	   		   1544	    666		   1378	    618		   1465	    639	
   	   		   	   		   	   		   	   		   	   		   1465	    680		   1280	    584		   1519	    613	
   	   		   	   		   	   		   	   		   	   		   1557	    616		   1492	    664		   1603	    900	
   	   		   	   		   	   		   	   		   	   		   1545	    621		   1501	    731		   1719	    706	
   	   		   	   		   	   		   	   		   	   		   1644	    649		   1435	    628		   1811	    746	
   	   		   	   		   	   		   	   		   	   		   1634	    652		   1450	    593		   1533	    587	
   	   		   	   		   	   		   	   		   	   		   1585	    663		   1490	    672		   1791	    683	
   	   		   	   		   	   		   	   		   	   		   1764	    667		   1526	    703		   1833	    857	
   	   		   	   		   	   		   	   		   	   		   1715	    692		   1486	    663		   1752	    791	
   	   		   	   		   	   		   	   		   	   		   1801	    642		   1645	    621		   1502	    724	
   	   		   	   		   	   		   	   		   	   		   1762	    685		   1660	    773		   1818	    718	
   	   		   	   		   	   		   	   		   	   		   1947	    681		   1691	    705		   1799	    722	
   	   		   	   		   	   		   	   		   	   		   1863	    656		   1608	    693		   1751	    693	
   	   		   	   		   	   		   	   		   	   		   1982	    672		   1542	    636		   1583	    649	
   	   		   	   		   	   		   	   		   	   		   2271	   2115		   1952	   1109		   1647	    825	
   	   		   	   		   	   		   	   		   	   		   2637	    935		   2271	    812		   2314	    794	
   	   		   	   		   	   		   	   		   	   		   2588	    889		   2139	    865		   2053	    717	
   	   		   	   		   	   		   	   		   	   		   2362	    929		   2021	    902		   2145	    732	
   	   		   	   		   	   		   	   		   	   		   2206	    829		   1952	    816		   1835	    693	
   	   		   	   		   	   		   	   		   	   		   3106	    944		   2548	    847		   2212	    800	
   	   		   	   		   	   		   	   		   	   		   2330	    892		   2307	    907		   2275	    703	
   	   		   	   		   	   		   	   		   	   		   2756	    914		   2290	   1246		   2223	    742	
   	   		   	   		   	   		   	   		   	   		   1264	    622		   2008	    827		   2186	    760	
   	   		   	   		   	   		   	   		   	   		   1344	    576		   2774	    819		   2461	    884	
   	   		   	   		   	   		   	   		   	   		   1388	    575		   2305	   1042		   2534	    720	
   	   		   	   		   	   		   	   		   	   		   1313	    525		   2431	    953		   2113	    860	
   	   		   	   		   	   		   	   		   	   		   1333	    613		   2357	    824		   2602	    678	
   	   		   	   		   	   		   	   		   	   		   1436	    601		   2482	    689		   2759	    907	
   	   		   	   		   	   		   	   		   	   		   1376	    604		   2432	   1155		   2044	    781	
   	   		   	   		   	   		   	   		   	   		   1326	    540		   2768	   1029		   2254	    717	
   	   		   	   		   	   		   	   		   	   		   1450	    612		   1288	    631		   2335	    747	
   	   		   	   		   	   		   	   		   	   		   1429	    607		   1475	    660		   2716	    863	
   	   		   	   		   	   		   	   		   	   		   1461	    670		   1406	    637		   2204	    750	
   	   		   	   		   	   		   	   		   	   		   1380	    567		   1382	    600		   2117	    783	
   	   		   	   		   	   		   	   		   	   		   1545	    667		   1409	    715		   2488	    780	
   	   		   	   		   	   		   	   		   	   		   1590	    614		   1467	    641		   2691	    907	
   	   		   	   		   	   		   	   		   	   		   1594	    636		   1494	    635		   2258	    738	
   	   		   	   		   	   		   	   		   	   		   1682	    576		   1361	    625		   2542	    770	
   	   		   	   		   	   		   	   		   	   		   1682	    640		   1449	    653		   1356	    747	
   	   		   	   		   	   		   	   		   	   		   1698	    618		   1504	   1244		   1427	    593	
   	   		   	   		   	   		   	   		   	   		   1719	    657		   1509	    655		   1520	    632	
   	   		   	   		   	   		   	   		   	   		   1747	    569		   1498	    601		   1414	    527	
   	   		   	   		   	   		   	   		   	   		   1667	    719		   1428	    631		   1472	    663	
   	   		   	   		   	   		   	   		   	   		   1971	    724		   1523	    657		   1582	    651	
   	   		   	   		   	   		   	   		   	   		   1995	    709		   1549	    712		   1416	    634	
   	   		   	   		   	   		   	   		   	   		   1924	    620		   1453	    603		   1427	    618	
   	   		   	   		   	   		   	   		   	   		   2175	    791		   1651	    646		   1677	    658	
   	   		   	   		   	   		   	   		   	   		   2301	    857		   1643	    684		   1586	    627	
   	   		   	   		   	   		   	   		   	   		   2158	   1107		   1605	    670		   1647	    616	
   	   		   	   		   	   		   	   		   	   		   2572	    882		   1589	   1651		   1499	    627	
   	   		   	   		   	   		   	   		   	   		   2038	    780		   1723	    690		   1488	    812	
   	   		   	   		   	   		   	   		   	   		   2165	    923		   1582	    743		   1719	    633	
   	   		   	   		   	   		   	   		   	   		   2238	   1008		   1778	    709		   1592	    637	
   	   		   	   		   	   		   	   		   	   		   2554	   1106		   1786	    637		   1570	    605	
   	   		   	   		   	   		   	   		   	   		   1178	    631		   2081	    739		   1639	    755	
   	   		   	   		   	   		   	   		   	   		   1246	    606		   2335	    871		   1564	    626	
   	   		   	   		   	   		   	   		   	   		   1357	    559		   2384	    873		   1748	    637	
   	   		   	   		   	   		   	   		   	   		   1212	    552		   2151	    920		   1665	    611	
   	   		   	   		   	   		   	   		   	   		   1305	    589		   2166	    742		   1725	    745	
   	   		   	   		   	   		   	   		   	   		   1343	    576		   2697	    909		   1631	    736	
   	   		   	   		   	   		   	   		   	   		   1340	    627		   2223	    871		   1722	    699	
   	   		   	   		   	   		   	   		   	   		   1257	    574		   2751	    753		   1782	    635	
   	   		   	   		   	   		   	   		   	   		   1313	    671		   2169	    802		   1959	    735	
   	   		   	   		   	   		   	   		   	   		   1320	    596		   2305	    834		   1986	    727	
   	   		   	   		   	   		   	   		   	   		   1327	    626		   2618	    973		   2023	    737	
   	   		   	   		   	   		   	   		   	   		   1266	    575		   2476	    934		   2496	    752	
   	   		   	   		   	   		   	   		   	   		   1399	    717		   2287	    694		   2425	    776	
   	   		   	   		   	   		   	   		   	   		   1428	    633		   3382	    917		   2411	    772	
   	   		   	   		   	   		   	   		   	   		   1414	    657		   2675	    900		   2427	    804	
   	   		   	   		   	   		   	   		   	   		   1354	    570		   5572	    890		   2335	    794	
   	   		   	   		   	   		   	   		   	   		   1437	    652		   1232	    624		   2057	    758	
   	   		   	   		   	   		   	   		   	   		   1523	    642		   1459	    687		   2966	    803	
   	   		   	   		   	   		   	   		   	   		   1538	    621		   1415	    638		   2346	    793	
   	   		   	   		   	   		   	   		   	   		   1432	    581		   1317	    539		   3373	    760	
   	   		   	   		   	   		   	   		   	   		   1570	    720		   1449	    661		   2182	    790	
   	   		   	   		   	   		   	   		   	   		   1656	    650		   1478	    965		   2955	    811	
   	   		   	   		   	   		   	   		   	   		   1683	    644		   1475	    613		   2667	    789	
   	   		   	   		   	   		   	   		   	   		   1602	    624		   1394	    546		   2242	    805	
   	   		   	   		   	   		   	   		   	   		   2209	    774		   1503	    622		   2925	    827	
   	   		   	   		   	   		   	   		   	   		   2481	    779		   1495	    655		   2875	    838	
   	   		   	   		   	   		   	   		   	   		   2373	    768		   1591	    674		   2024	    819	
   	   		   	   		   	   		   	   		   	   		   2109	    711		   1483	    554		   3684	    960	
   	   		   	   		   	   		   	   		   	   		   2267	    708		   1649	    665		   3053	    763	
   	   		   	   		   	   		   	   		   	   		   2531	    801		   1601	    657		   2978	    820	
   	   		   	   		   	   		   	   		   	   		   2309	    745		   1700	    655		   2546	    813	
   	   		   	   		   	   		   	   		   	   		   2378	    788		   1416	    612		   2417	    883	
   	   		   	   		   	   		   	   		   	   		   1189	    663		   1769	    670		   1307	    679	
   	   		   	   		   	   		   	   		   	   		   1232	    646		   1870	    741		   1397	    719	
   	   		   	   		   	   		   	   		   	   		   1290	    582		   1724	    650		   1432	    729	
   	   		   	   		   	   		   	   		   	   		   1225	    544		   1575	    569		   1339	    562	
   	   		   	   		   	   		   	   		   	   		   1338	    668		   1882	    713		   1463	    629	
   	   		   	   		   	   		   	   		   	   		   1343	    644		   1641	    743		   1582	    656	
   	   		   	   		   	   		   	   		   	   		   1275	    583		   1827	    720		   1420	    651	
   	   		   	   		   	   		   	   		   	   		   1294	    564		   1699	    632		   1309	    564	
   	   		   	   		   	   		   	   		   	   		   1430	    594		   2109	    697		   1589	    636	
   	   		   	   		   	   		   	   		   	   		   1378	    631		   2502	   1001		   1467	    688	
   	   		   	   		   	   		   	   		   	   		   1333	    589		   2138	    797		   1471	    708	
   	   		   	   		   	   		   	   		   	   		   1374	    556		   2503	    695		   1394	    610	
   	   		   	   		   	   		   	   		   	   		   1468	    631		   2500	    736		   1537	    650	
   	   		   	   		   	   		   	   		   	   		   1460	    627		   2957	    881		   1428	    675	
   	   		   	   		   	   		   	   		   	   		   1474	    622		   2463	    829		   1519	    730	
   	   		   	   		   	   		   	   		   	   		   1444	    580		   3903	    770		   1439	    577	
   	   		   	   		   	   		   	   		   	   		   1473	    640		   2798	    732		   1673	    661	
   	   		   	   		   	   		   	   		   	   		   1606	    619		   2804	    949		   1656	    701	
   	   		   	   		   	   		   	   		   	   		   1672	    646		   2468	    788		   1785	    667	
   	   		   	   		   	   		   	   		   	   		   1452	    614		   2744	   1064		   1539	    592	
   	   		   	   		   	   		   	   		   	   		   1702	    670		   2316	    737		   1732	    720	
   	   		   	   		   	   		   	   		   	   		   1886	    821		   3139	    851		   1618	    738	
   	   		   	   		   	   		   	   		   	   		   1747	    649		   2712	    949		   1646	    749	
   	   		   	   		   	   		   	   		   	   		   1575	    619		   3990	    793		   1586	    670	
   	   		   	   		   	   		   	   		   	   		   1867	    888		   1493	    671		   1951	    739	
   	   		   	   		   	   		   	   		   	   		   2289	   1016		   1424	    614		   2305	    784	
   	   		   	   		   	   		   	   		   	   		   2194	    868		   1433	    589		   2097	    872	
   	   		   	   		   	   		   	   		   	   		   2492	    838		   1421	    642		   1992	    741	
   	   		   	   		   	   		   	   		   	   		   1802	    816		   1537	    706		   2011	    658	
   	   		   	   		   	   		   	   		   	   		   2541	   1051		   1352	    752		   2228	    853	
   	   		   	   		   	   		   	   		   	   		   2012	    815		   1489	    602		   2113	    807	
   	   		   	   		   	   		   	   		   	   		   2646	    763		   1569	    659		   2136	    860	
   	   		   	   		   	   		   	   		   	   		   1279	    658		   1555	    649		   2137	    744	
   	   		   	   		   	   		   	   		   	   		   1339	    620		   1597	    618		   2312	    816	
   	   		   	   		   	   		   	   		   	   		   1332	    610		   1500	    662		   2685	    732	
   	   		   	   		   	   		   	   		   	   		   1279	    549		   1408	    640		   2695	    690	
   	   		   	   		   	   		   	   		   	   		   1433	    650		   1523	    649		   2730	    750	
   	   		   	   		   	   		   	   		   	   		   1332	    609		   1567	    627		   2591	    828	
   	   		   	   		   	   		   	   		   	   		   1481	    593		   1603	    799		   2594	    803	
   	   		   	   		   	   		   	   		   	   		   1321	    565		   1531	    697		   2563	    855	
   	   		   	   		   	   		   	   		   	   		   1430	    624		   1612	    670		   2281	    791	
   	   		   	   		   	   		   	   		   	   		   1419	    711		   1859	    665		   2471	    771	
   	   		   	   		   	   		   	   		   	   		   1478	    629		   1743	    636		   2552	    733	
   	   		   	   		   	   		   	   		   	   		   1467	    561		   1757	    670		   3049	    989	
   	   		   	   		   	   		   	   		   	   		   1510	    659		   1745	    881		   2224	    783	
   	   		   	   		   	   		   	   		   	   		   1550	    633		   1750	    718		   2895	    871	
   	   		   	   		   	   		   	   		   	   		   1596	    609		   1857	    710		   3303	    812	
   	   		   	   		   	   		   	   		   	   		   1586	    579		   1648	    634		   2935	    855	
   	   		   	   		   	   		   	   		   	   		   1668	    638		   2183	    729		   1290	    699	
   	   		   	   		   	   		   	   		   	   		   1745	    629		   2251	    795		   1496	    646	
   	   		   	   		   	   		   	   		   	   		   1674	    636		   2355	    870		   1433	    658	
   	   		   	   		   	   		   	   		   	   		   1712	    630		   2390	    942		   1480	    646	
   	   		   	   		   	   		   	   		   	   		   1938	    766		   2217	    752		   1499	    623	
   	   		   	   		   	   		   	   		   	   		   1949	    692		   2665	    857		   1505	    883	
   	   		   	   		   	   		   	   		   	   		   1703	   1160		   2511	    812		   1499	    869	
   	   		   	   		   	   		   	   		   	   		   1948	    598		   2781	    892		   1454	    603	
   	   		   	   		   	   		   	   		   	   		   2147	    782		   2302	    745		   1537	   1013	
   	   		   	   		   	   		   	   		   	   		   2847	    922		   2838	   1039		   1605	    662	
   	   		   	   		   	   		   	   		   	   		   2096	    888		   2637	    879		   1665	    705	
   	   		   	   		   	   		   	   		   	   		   2702	    936		   2519	    960		   1388	    619	
   	   		   	   		   	   		   	   		   	   		   4012	    790		   3422	    743		   1462	    740	
   	   		   	   		   	   		   	   		   	   		   2877	    973		   3950	    813		   1625	    742	
   	   		   	   		   	   		   	   		   	   		   2309	    850		   2396	    767		   1666	    681	
   	   		   	   		   	   		   	   		   	   		   3034	    889		   2572	    934		   1575	    600	
   	   		   	   		   	   		   	   		   	   		   	   		   1295	    635		   1680	    653	
   	   		   	   		   	   		   	   		   	   		   	   		   1446	    588		   1716	    702	
   	   		   	   		   	   		   	   		   	   		   	   		   1334	    577		   1777	    806	
   	   		   	   		   	   		   	   		   	   		   	   		   1222	    510		   1630	    679	
   	   		   	   		   	   		   	   		   	   		   	   		   1402	    610		   1652	    743	
   	   		   	   		   	   		   	   		   	   		   	   		   1459	    592		   1698	    766	
   	   		   	   		   	   		   	   		   	   		   	   		   1414	    619		   1675	    701	
   	   		   	   		   	   		   	   		   	   		   	   		   1277	    619		   1815	    641	
   	   		   	   		   	   		   	   		   	   		   	   		   1443	    621		   1805	    715	
   	   		   	   		   	   		   	   		   	   		   	   		   1489	    610		   2311	    869	
   	   		   	   		   	   		   	   		   	   		   	   		   1553	    671		   2137	    922	
   	   		   	   		   	   		   	   		   	   		   	   		   1387	    602		   2269	    751	
   	   		   	   		   	   		   	   		   	   		   	   		   1473	    654		   2335	   1405	
   	   		   	   		   	   		   	   		   	   		   	   		   1547	    638		   2420	    876	
   	   		   	   		   	   		   	   		   	   		   	   		   1550	    738		   2525	    769	
   	   		   	   		   	   		   	   		   	   		   	   		   1466	    575		   2585	    759	
   	   		   	   		   	   		   	   		   	   		   	   		   1669	    646		   2209	    741	
   	   		   	   		   	   		   	   		   	   		   	   		   1617	    646		   2730	    896	
   	   		   	   		   	   		   	   		   	   		   	   		   1701	   1170		   2465	    830	
   	   		   	   		   	   		   	   		   	   		   	   		   1460	    628		   2699	    842	
   	   		   	   		   	   		   	   		   	   		   	   		   1677	    696		   2332	    742	
   	   		   	   		   	   		   	   		   	   		   	   		   1745	    702		   2981	    877	
   	   		   	   		   	   		   	   		   	   		   	   		   1699	    657		   2813	    873	
   	   		   	   		   	   		   	   		   	   		   	   		   1457	    620		   2575	   1021	
   	   		   	   		   	   		   	   		   	   		   	   		   1934	    783		   2078	    809	
   	   		   	   		   	   		   	   		   	   		   	   		   2200	    660		   2727	    916	
   	   		   	   		   	   		   	   		   	   		   	   		   2470	    755		   2469	    797	
   	   		   	   		   	   		   	   		   	   		   	   		   2281	    774		   2536	    815	
   	   		   	   		   	   		   	   		   	   		   	   		   2023	    719		   2604	    846	
   	   		   	   		   	   		   	   		   	   		   	   		   2370	    789		   2766	   1044	
   	   		   	   		   	   		   	   		   	   		   	   		   2399	    762		   2747	    910	
   	   		   	   		   	   		   	   		   	   		   	   		   2347	    782		   2559	    799	
   	   		   	   		   	   		   	   		   	   		   	   		   2371	    646		   1301	    647	
   	   		   	   		   	   		   	   		   	   		   	   		   2487	    755		   1516	    647	
   	   		   	   		   	   		   	   		   	   		   	   		   2498	    806		   1523	    600	
   	   		   	   		   	   		   	   		   	   		   	   		   2248	    737		   1372	    570	
   	   		   	   		   	   		   	   		   	   		   	   		   2450	    632		   1406	    632	
   	   		   	   		   	   		   	   		   	   		   	   		   2344	    950		   1502	    665	
   	   		   	   		   	   		   	   		   	   		   	   		   3302	    941		   1568	    650	
   	   		   	   		   	   		   	   		   	   		   	   		   2439	    746		   1403	    585	
   	   		   	   		   	   		   	   		   	   		   	   		   1278	    637		   1517	    626	
   	   		   	   		   	   		   	   		   	   		   	   		   1407	    680		   1580	    612	
   	   		   	   		   	   		   	   		   	   		   	   		   1466	    598		   1575	    641	
   	   		   	   		   	   		   	   		   	   		   	   		   1440	    556		   1480	    587	
   	   		   	   		   	   		   	   		   	   		   	   		   1459	    659		   1598	    646	
   	   		   	   		   	   		   	   		   	   		   	   		   1484	    616		   1604	    665	
   	   		   	   		   	   		   	   		   	   		   	   		   1536	    584		   1664	    653	
   	   		   	   		   	   		   	   		   	   		   	   		   1500	    569		   1572	    572	
   	   		   	   		   	   		   	   		   	   		   	   		   1548	    885		   1633	    680	
   	   		   	   		   	   		   	   		   	   		   	   		   1620	   1012		   1680	    671	
   	   		   	   		   	   		   	   		   	   		   	   		   1572	    643		   1772	    671	
   	   		   	   		   	   		   	   		   	   		   	   		   1482	    614		   1598	    575	
   	   		   	   		   	   		   	   		   	   		   	   		   1676	    632		   1666	    731	
   	   		   	   		   	   		   	   		   	   		   	   		   1636	    665		   1770	    764	
   	   		   	   		   	   		   	   		   	   		   	   		   1698	    628		   1849	    706	
   	   		   	   		   	   		   	   		   	   		   	   		   1523	    570		   1690	    631	
   	   		   	   		   	   		   	   		   	   		   	   		   1709	    677		   2170	    696	
   	   		   	   		   	   		   	   		   	   		   	   		   1684	    666		   2501	    766	
   	   		   	   		   	   		   	   		   	   		   	   		   1821	    634		   2143	    715	
   	   		   	   		   	   		   	   		   	   		   	   		   1829	    573		   2216	    730	
   	   		   	   		   	   		   	   		   	   		   	   		   1941	    717		   2330	    752	
   	   		   	   		   	   		   	   		   	   		   	   		   1957	    762		   2466	    806	
   	   		   	   		   	   		   	   		   	   		   	   		   1983	    791		   2013	    754	
   	   		   	   		   	   		   	   		   	   		   	   		   2141	    591		   2405	    697	
   	   		   	   		   	   		   	   		   	   		   	   		   2534	    765		   2381	    744	
   	   		   	   		   	   		   	   		   	   		   	   		   2350	    775		   2804	    833	
   	   		   	   		   	   		   	   		   	   		   	   		   2570	    738		   2609	    759	
   	   		   	   		   	   		   	   		   	   		   	   		   3056	    763		   2792	    758	
   	   		   	   		   	   		   	   		   	   		   	   		   2040	    801		   2817	    784	
   	   		   	   		   	   		   	   		   	   		   	   		   2945	    817		   2812	    751	
   	   		   	   		   	   		   	   		   	   		   	   		   2525	    726		   2079	    848	
   	   		   	   		   	   		   	   		   	   		   	   		   2482	    849		   2615	    737	
   	   		   	   		   	   		   	   		   	   		   	   		   2610	    730		   2440	    809	
   	   		   	   		   	   		   	   		   	   		   	   		   2865	    788		   2882	    824	
   	   		   	   		   	   		   	   		   	   		   	   		   3726	    805		   2743	    912	
   	   		   	   		   	   		   	   		   	   		   	   		   3738	    798		   2973	    741	
   	   		   	   		   	   		   	   		   	   		   	   		   2215	   1895		   2182	    729	
   	   		   	   		   	   		   	   		   	   		   	   		   4201	    818		   3695	    918	
   	   		   	   		   	   		   	   		   	   		   	   		   4613	    800		   3776	   1050	
   	   		   	   		   	   		   	   		   	   		   	   		   3944	    887		      0	    727	
   	   		   	   		   	   		   	   		   	   		   	   		   1339	    686		   1404	    700	
   	   		   	   		   	   		   	   		   	   		   	   		   1428	    680		   1593	    644	
   	   		   	   		   	   		   	   		   	   		   	   		   1457	    649		   1560	    586	
   	   		   	   		   	   		   	   		   	   		   	   		   1412	    597		   1501	    563	
   	   		   	   		   	   		   	   		   	   		   	   		   1487	    672		   1616	    652	
   	   		   	   		   	   		   	   		   	   		   	   		   1493	    609		   1564	    626	
   	   		   	   		   	   		   	   		   	   		   	   		   1581	    636		   1588	    624	
   	   		   	   		   	   		   	   		   	   		   	   		   1555	    590		   1501	    562	
   	   		   	   		   	   		   	   		   	   		   	   		   1523	   1315		   1577	    663	
   	   		   	   		   	   		   	   		   	   		   	   		   1678	    661		   1627	    627	
   	   		   	   		   	   		   	   		   	   		   	   		   1632	    571		   1652	    650	
   	   		   	   		   	   		   	   		   	   		   	   		   1481	    570		   1478	    571	
   	   		   	   		   	   		   	   		   	   		   	   		   1495	    663		   1646	    664	
   	   		   	   		   	   		   	   		   	   		   	   		   1663	    631		   1681	    706	
   	   		   	   		   	   		   	   		   	   		   	   		   1760	    594		   1691	    632	
   	   		   	   		   	   		   	   		   	   		   	   		   1577	    570		   1557	    621	
   	   		   	   		   	   		   	   		   	   		   	   		   1821	    675		   1728	    661	
   	   		   	   		   	   		   	   		   	   		   	   		   1700	    636		   1844	    668	
   	   		   	   		   	   		   	   		   	   		   	   		   1949	    617		   1840	    664	
   	   		   	   		   	   		   	   		   	   		   	   		   1864	    577		   1617	    647	
   	   		   	   		   	   		   	   		   	   		   	   		   1761	    725		   1852	    723	
   	   		   	   		   	   		   	   		   	   		   	   		   1983	    761		   1772	    726	
   	   		   	   		   	   		   	   		   	   		   	   		   1988	    679		   1973	    692	
   	   		   	   		   	   		   	   		   	   		   	   		   1873	    610		   1864	    609	
   	   		   	   		   	   		   	   		   	   		   	   		   2185	    757		   2119	    711	
   	   		   	   		   	   		   	   		   	   		   	   		   2622	    713		   2316	    809	
   	   		   	   		   	   		   	   		   	   		   	   		   2619	    857		   2040	    810	
   	   		   	   		   	   		   	   		   	   		   	   		   2552	    815		   2277	    739	
   	   		   	   		   	   		   	   		   	   		   	   		   2536	    786		   2464	    831	
   	   		   	   		   	   		   	   		   	   		   	   		   2765	    744		   2668	    862	
   	   		   	   		   	   		   	   		   	   		   	   		   3250	    813		   2232	    700	
   	   		   	   		   	   		   	   		   	   		   	   		   3430	    846		   2566	    825	
   	   		   	   		   	   		   	   		   	   		   	   		   2878	    800		   2444	    739	
   	   		   	   		   	   		   	   		   	   		   	   		   3274	    794		   2897	    913	
   	   		   	   		   	   		   	   		   	   		   	   		   3697	    971		   2580	    944	
   	   		   	   		   	   		   	   		   	   		   	   		   3337	    799		   2696	    818	
   	   		   	   		   	   		   	   		   	   		   	   		   4923	    847		   2500	    896	
   	   		   	   		   	   		   	   		   	   		   	   		   4121	    854		   2601	    825	
   	   		   	   		   	   		   	   		   	   		   	   		   4153	   1018		   2403	    831	
   	   		   	   		   	   		   	   		   	   		   	   		   3134	    916		   2926	    822	
   	   		   	   		   	   		   	   		   	   		   	   		   1210	    644		   2327	    769	
   	   		   	   		   	   		   	   		   	   		   	   		   1344	    652		   2543	    985	
   	   		   	   		   	   		   	   		   	   		   	   		   1313	    630		   2452	    858	
   	   		   	   		   	   		   	   		   	   		   	   		   1313	    567		   2472	    811	
   	   		   	   		   	   		   	   		   	   		   	   		   1291	    638		   2656	    814	
   	   		   	   		   	   		   	   		   	   		   	   		   1369	    628		   2950	    992	
   	   		   	   		   	   		   	   		   	   		   	   		   1352	    643		   2371	    835	
   	   		   	   		   	   		   	   		   	   		   	   		   1295	    570		   2925	    787	
   	   		   	   		   	   		   	   		   	   		   	   		   1369	    609		   1419	    660	
   	   		   	   		   	   		   	   		   	   		   	   		   1436	    665		   1542	    649	
   	   		   	   		   	   		   	   		   	   		   	   		   1411	    622		   1516	    613	
   	   		   	   		   	   		   	   		   	   		   	   		   1334	    526		   1390	    594	
   	   		   	   		   	   		   	   		   	   		   	   		   1444	    642		   1569	    944	
   	   		   	   		   	   		   	   		   	   		   	   		   1459	    636		   1620	    602	
   	   		   	   		   	   		   	   		   	   		   	   		   1477	    617		   1548	    767	
   	   		   	   		   	   		   	   		   	   		   	   		   1402	    579		   1587	    592	
   	   		   	   		   	   		   	   		   	   		   	   		   1540	    666		   1568	    665	
   	   		   	   		   	   		   	   		   	   		   	   		   1595	    716		   1665	    720	
   	   		   	   		   	   		   	   		   	   		   	   		   1545	    632		   1611	    642	
   	   		   	   		   	   		   	   		   	   		   	   		   1485	    575		   1533	    616	
   	   		   	   		   	   		   	   		   	   		   	   		   1566	    804		   1606	    644	
   	   		   	   		   	   		   	   		   	   		   	   		   1652	    702		   1755	    663	
   	   		   	   		   	   		   	   		   	   		   	   		   1513	    678		   1791	    815	
   	   		   	   		   	   		   	   		   	   		   	   		   1584	    619		   1584	    584	
   	   		   	   		   	   		   	   		   	   		   	   		   2009	    687		   1535	    671	
   	   		   	   		   	   		   	   		   	   		   	   		   2062	    737		   1821	    744	
   	   		   	   		   	   		   	   		   	   		   	   		   2022	    773		   1810	    684	
   	   		   	   		   	   		   	   		   	   		   	   		   2061	    798		   1630	    609	
   	   		   	   		   	   		   	   		   	   		   	   		   2170	    678		   1687	    783	
   	   		   	   		   	   		   	   		   	   		   	   		   2658	    749		   1994	    699	
   	   		   	   		   	   		   	   		   	   		   	   		   2278	    712		   1875	    741	
   	   		   	   		   	   		   	   		   	   		   	   		   1987	    925		   1884	    642	
   	   		   	   		   	   		   	   		   	   		   	   		   2331	    768		   2344	    724	
   	   		   	   		   	   		   	   		   	   		   	   		   2743	    789		   2348	    785	
   	   		   	   		   	   		   	   		   	   		   	   		   2548	    776		   2449	    754	
   	   		   	   		   	   		   	   		   	   		   	   		   2280	    811		   2513	    803	
   	   		   	   		   	   		   	   		   	   		   	   		   2190	    754		   2271	    705	
   	   		   	   		   	   		   	   		   	   		   	   		   2664	    830		   2584	    887	
   	   		   	   		   	   		   	   		   	   		   	   		   2208	    762		   1999	    772	
   	   		   	   		   	   		   	   		   	   		   	   		   2176	    892		   2672	    784	
   	   		   	   		   	   		   	   		   	   		   	   		   	   		   2101	    763	
   	   		   	   		   	   		   	   		   	   		   	   		   	   		   2783	    977	
   	   		   	   		   	   		   	   		   	   		   	   		   	   		   2904	    760	
   	   		   	   		   	   		   	   		   	   		   	   		   	   		   2664	    803	
   	   		   	   		   	   		   	   		   	   		   	   		   	   		   2956	    777	
   	   		   	   		   	   		   	   		   	   		   	   		   	   		   2782	    826	
   	   		   	   		   	   		   	   		   	   		   	   		   	   		   2526	    783	
   	   		   	   		   	   		   	   		   	   		   	   		   	   		   2890	    809	
   	   		   	   		   	   		   	   		   	   		   	   		   	   		   2173	    827	
   	   		   	   		   	   		   	   		   	   		   	   		   	   		   2915	    890	
   	   		   	   		   	   		   	   		   	   		   	   		   	   		   2643	    924	
   	   		   	   		   	   		   	   		   	   		   	   		   	   		   4807	    822	
   	   		   	   		   	   		   	   		   	   		   	   		   	   		   2166	    805	
   	   		   	   		   	   		   	   		   	   		   	   		   	   		   2774	    864	
   	   		   	   		   	   		   	   		   	   		   	   		   	   		   6245	    829	
   	   		   	   		   	   		   	   		   	   		   	   		   	   		   2978	    882	
   	   		   	   		   	   		   	   		   	   		   	   		   	   		   1342	    674	
   	   		   	   		   	   		   	   		   	   		   	   		   	   		   1477	    656	
   	   		   	   		   	   		   	   		   	   		   	   		   	   		   1478	    565	
   	   		   	   		   	   		   	   		   	   		   	   		   	   		   1434	    532	
   	   		   	   		   	   		   	   		   	   		   	   		   	   		   1551	    857	
   	   		   	   		   	   		   	   		   	   		   	   		   	   		   1573	    618	
   	   		   	   		   	   		   	   		   	   		   	   		   	   		   1548	    647	
   	   		   	   		   	   		   	   		   	   		   	   		   	   		   1541	    588	
   	   		   	   		   	   		   	   		   	   		   	   		   	   		   1584	    623	
   	   		   	   		   	   		   	   		   	   		   	   		   	   		   1709	    586	
   	   		   	   		   	   		   	   		   	   		   	   		   	   		   1650	    616	
   	   		   	   		   	   		   	   		   	   		   	   		   	   		   1535	    623	
   	   		   	   		   	   		   	   		   	   		   	   		   	   		   1653	    689	
   	   		   	   		   	   		   	   		   	   		   	   		   	   		   1792	    656	
   	   		   	   		   	   		   	   		   	   		   	   		   	   		   1695	    633	
   	   		   	   		   	   		   	   		   	   		   	   		   	   		   1588	    568	
   	   		   	   		   	   		   	   		   	   		   	   		   	   		   1650	    644	
   	   		   	   		   	   		   	   		   	   		   	   		   	   		   1825	    626	
   	   		   	   		   	   		   	   		   	   		   	   		   	   		   1816	    625	
   	   		   	   		   	   		   	   		   	   		   	   		   	   		   1714	    574	
   	   		   	   		   	   		   	   		   	   		   	   		   	   		   1864	    878	
   	   		   	   		   	   		   	   		   	   		   	   		   	   		   1777	    693	
   	   		   	   		   	   		   	   		   	   		   	   		   	   		   1866	    686	
   	   		   	   		   	   		   	   		   	   		   	   		   	   		   1783	    604	
   	   		   	   		   	   		   	   		   	   		   	   		   	   		   2096	    682	
   	   		   	   		   	   		   	   		   	   		   	   		   	   		   2529	    797	
   	   		   	   		   	   		   	   		   	   		   	   		   	   		   2496	    931	
   	   		   	   		   	   		   	   		   	   		   	   		   	   		   2605	    790	
   	   		   	   		   	   		   	   		   	   		   	   		   	   		   2440	    689	
   	   		   	   		   	   		   	   		   	   		   	   		   	   		   2309	    792	
   	   		   	   		   	   		   	   		   	   		   	   		   	   		   2653	    736	
   	   		   	   		   	   		   	   		   	   		   	   		   	   		   2568	   1152	
   	   		   	   		   	   		   	   		   	   		   	   		   	   		   2695	    709	
   	   		   	   		   	   		   	   		   	   		   	   		   	   		   2519	    765	
   	   		   	   		   	   		   	   		   	   		   	   		   	   		   2662	    709	
   	   		   	   		   	   		   	   		   	   		   	   		   	   		   2861	    783	
   	   		   	   		   	   		   	   		   	   		   	   		   	   		   2727	    713	
   	   		   	   		   	   		   	   		   	   		   	   		   	   		   2716	    753	
   	   		   	   		   	   		   	   		   	   		   	   		   	   		   2908	    757	
   	   		   	   		   	   		   	   		   	   		   	   		   	   		   3450	    957	
   	   		   	   		   	   		   	   		   	   		   	   		   	   		   2260	    727	
   	   		   	   		   	   		   	   		   	   		   	   		   	   		   3110	    827	
   	   		   	   		   	   		   	   		   	   		   	   		   	   		   3493	    816	
   	   		   	   		   	   		   	   		   	   		   	   		   	   		   4114	    830	
   	   		   	   		   	   		   	   		   	   		   	   		   	   		   3449	    868	
   	   		   	   		   	   		   	   		   	   		   	   		   	   		   3218	    847	
   	   		   	   		   	   		   	   		   	   		   	   		   	   		      0	    787	
   	   		   	   		   	   		   	   		   	   		   	   		   	   		      0	    815	
   	   		   	   		   	   		   	   		   	   		   	   		   	   		   1351	    663	
   	   		   	   		   	   		   	   		   	   		   	   		   	   		   1480	    647	
   	   		   	   		   	   		   	   		   	   		   	   		   	   		   1475	    533	
   	   		   	   		   	   		   	   		   	   		   	   		   	   		   1315	    543	
   	   		   	   		   	   		   	   		   	   		   	   		   	   		   1549	    618	
   	   		   	   		   	   		   	   		   	   		   	   		   	   		   1531	    625	
   	   		   	   		   	   		   	   		   	   		   	   		   	   		   1555	    615	
   	   		   	   		   	   		   	   		   	   		   	   		   	   		   1400	    563	
   	   		   	   		   	   		   	   		   	   		   	   		   	   		   1489	    661	
   	   		   	   		   	   		   	   		   	   		   	   		   	   		   1684	    614	
   	   		   	   		   	   		   	   		   	   		   	   		   	   		   1524	    605	
   	   		   	   		   	   		   	   		   	   		   	   		   	   		   1486	    632	
   	   		   	   		   	   		   	   		   	   		   	   		   	   		   1531	    652	
   	   		   	   		   	   		   	   		   	   		   	   		   	   		   1695	    649	
   	   		   	   		   	   		   	   		   	   		   	   		   	   		   1646	    723	
   	   		   	   		   	   		   	   		   	   		   	   		   	   		   1507	    569	
   	   		   	   		   	   		   	   		   	   		   	   		   	   		   1763	    664	
   	   		   	   		   	   		   	   		   	   		   	   		   	   		   1823	    664	
   	   		   	   		   	   		   	   		   	   		   	   		   	   		   1712	    646	
   	   		   	   		   	   		   	   		   	   		   	   		   	   		   1610	    569	
   	   		   	   		   	   		   	   		   	   		   	   		   	   		   1858	    735	
   	   		   	   		   	   		   	   		   	   		   	   		   	   		   1928	    688	
   	   		   	   		   	   		   	   		   	   		   	   		   	   		   1830	    666	
   	   		   	   		   	   		   	   		   	   		   	   		   	   		   1664	    623	
   	   		   	   		   	   		   	   		   	   		   	   		   	   		   1952	    790	
   	   		   	   		   	   		   	   		   	   		   	   		   	   		   3005	    733	
   	   		   	   		   	   		   	   		   	   		   	   		   	   		   2314	    713	
   	   		   	   		   	   		   	   		   	   		   	   		   	   		   2199	    737	
   	   		   	   		   	   		   	   		   	   		   	   		   	   		   2202	    705	
   	   		   	   		   	   		   	   		   	   		   	   		   	   		   2634	    851	
   	   		   	   		   	   		   	   		   	   		   	   		   	   		   2693	    764	
   	   		   	   		   	   		   	   		   	   		   	   		   	   		   2483	    763	
   	   		   	   		   	   		   	   		   	   		   	   		   	   		   2616	    728	
   	   		   	   		   	   		   	   		   	   		   	   		   	   		   2973	    745	
   	   		   	   		   	   		   	   		   	   		   	   		   	   		   3023	    744	
   	   		   	   		   	   		   	   		   	   		   	   		   	   		   2883	    707	
   	   		   	   		   	   		   	   		   	   		   	   		   	   		   2738	    665	
   	   		   	   		   	   		   	   		   	   		   	   		   	   		   3302	    819	
   	   		   	   		   	   		   	   		   	   		   	   		   	   		   3468	    716	
   	   		   	   		   	   		   	   		   	   		   	   		   	   		   3607	    788	
   	   		   	   		   	   		   	   		   	   		   	   		   	   		   2564	    952	
   	   		   	   		   	   		   	   		   	   		   	   		   	   		   3250	    752	
   	   		   	   		   	   		   	   		   	   		   	   		   	   		   3770	    827	
   	   		   	   		   	   		   	   		   	   		   	   		   	   		   3440	    890	
   	   		   	   		   	   		   	   		   	   		   	   		   	   		   3255	    732	
   	   		   	   		   	   		   	   		   	   		   	   		   	   		   4262	    769	
   	   		   	   		   	   		   	   		   	   		   	   		   	   		   3007	    737	
   	   		   	   		   	   		   	   		   	   		   	   		   	   		   3469	    750	
   	   		   	   		   	   		   	   		   	   		   	   		   	   		   1389	    668	
   	   		   	   		   	   		   	   		   	   		   	   		   	   		   1474	    669	
   	   		   	   		   	   		   	   		   	   		   	   		   	   		   1493	    568	
   	   		   	   		   	   		   	   		   	   		   	   		   	   		   1366	    542	
   	   		   	   		   	   		   	   		   	   		   	   		   	   		   1535	    832	
   	   		   	   		   	   		   	   		   	   		   	   		   	   		   1538	    674	
   	   		   	   		   	   		   	   		   	   		   	   		   	   		   1456	    852	
   	   		   	   		   	   		   	   		   	   		   	   		   	   		   1451	    552	
   	   		   	   		   	   		   	   		   	   		   	   		   	   		   1581	    627	
   	   		   	   		   	   		   	   		   	   		   	   		   	   		   1583	    647	
   	   		   	   		   	   		   	   		   	   		   	   		   	   		   1544	    641	
   	   		   	   		   	   		   	   		   	   		   	   		   	   		   1567	    568	
   	   		   	   		   	   		   	   		   	   		   	   		   	   		   1764	    637	
   	   		   	   		   	   		   	   		   	   		   	   		   	   		   1684	    642	
   	   		   	   		   	   		   	   		   	   		   	   		   	   		   1648	    656	
   	   		   	   		   	   		   	   		   	   		   	   		   	   		   1514	    555	
   	   		   	   		   	   		   	   		   	   		   	   		   	   		   1828	    630	
   	   		   	   		   	   		   	   		   	   		   	   		   	   		   1765	    738	
   	   		   	   		   	   		   	   		   	   		   	   		   	   		   1680	    635	
   	   		   	   		   	   		   	   		   	   		   	   		   	   		   1637	    541	
   	   		   	   		   	   		   	   		   	   		   	   		   	   		   1878	    946	
   	   		   	   		   	   		   	   		   	   		   	   		   	   		   1782	    690	
   	   		   	   		   	   		   	   		   	   		   	   		   	   		   1921	    702	
   	   		   	   		   	   		   	   		   	   		   	   		   	   		   1633	    678	
   	   		   	   		   	   		   	   		   	   		   	   		   	   		   2404	    700	
   	   		   	   		   	   		   	   		   	   		   	   		   	   		   2032	    756	
   	   		   	   		   	   		   	   		   	   		   	   		   	   		   2057	    597	
   	   		   	   		   	   		   	   		   	   		   	   		   	   		   2047	    726	
   	   		   	   		   	   		   	   		   	   		   	   		   	   		   2188	    751	
   	   		   	   		   	   		   	   		   	   		   	   		   	   		   2493	    712	
   	   		   	   		   	   		   	   		   	   		   	   		   	   		   2480	    715	
   	   		   	   		   	   		   	   		   	   		   	   		   	   		   2461	    755	
   	   		   	   		   	   		   	   		   	   		   	   		   	   		   2418	    671	
   	   		   	   		   	   		   	   		   	   		   	   		   	   		   2913	    792	
   	   		   	   		   	   		   	   		   	   		   	   		   	   		   2758	    706	
   	   		   	   		   	   		   	   		   	   		   	   		   	   		   2070	   1053	
   	   		   	   		   	   		   	   		   	   		   	   		   	   		   2386	    754	
   	   		   	   		   	   		   	   		   	   		   	   		   	   		   2431	    803	
   	   		   	   		   	   		   	   		   	   		   	   		   	   		   2222	    760	
   	   		   	   		   	   		   	   		   	   		   	   		   	   		   3098	    848	
   	   		   	   		   	   		   	   		   	   		   	   		   	   		   2213	    766	
   	   		   	   		   	   		   	   		   	   		   	   		   	   		   2910	    802	
   	   		   	   		   	   		   	   		   	   		   	   		   	   		   2440	    733	
   	   		   	   		   	   		   	   		   	   		   	   		   	   		   2601	    756	
   	   		   	   		   	   		   	   		   	   		   	   		   	   		   2493	    982	
   	   		   	   		   	   		   	   		   	   		   	   		   	   		   3242	    802	
   	   		   	   		   	   		   	   		   	   		   	   		   	   		   5918	    753	
   	   		   	   		   	   		   	   		   	   		   	   		   	   		   2033	    803	
   	   		   	   		   	   		   	   		   	   		   	   		   	   		
